  0.000000000000000E+000
  1.038920454239493E-005
  2.129786931190960E-005
  3.275196731990004E-005
  4.477877022828999E-005
  5.740691328209944E-005
  7.066646348859932E-005
  8.458899120542424E-005
  9.920764530809041E-005
  1.145572321158899E-004
  1.306742982640793E-004
  1.475972177196782E-004
  1.653662831480570E-004
  1.840238018478548E-004
  2.036141964826426E-004
  2.241841108491696E-004
  2.457825209340230E-004
  2.684608515231191E-004
  2.922730986416700E-004
  3.172759581161485E-004
  3.435289605643509E-004
  3.710946131349634E-004
  4.000385483341065E-004
  4.304296802932068E-004
  4.623403688502621E-004
  4.958465918351702E-004
  5.310281259693236E-004
  5.679687368101848E-004
  6.067563781930889E-004
  6.474834016451385E-004
  6.902467762697904E-004
  7.351483196256747E-004
  7.822949401493533E-004
  8.317988916992161E-004
  8.837780408265719E-004
  9.383561474102956E-004
  9.956631593232052E-004
  1.055835521831760E-003
  1.119016502465744E-003
  1.185356532131426E-003
  1.255013563280392E-003
  1.328153445986806E-003
  1.404950322828542E-003
  1.485587043512364E-003
  1.570255600230377E-003
  1.659157584784291E-003
  1.752504668565900E-003
  1.850519106536590E-003
  1.953434266405815E-003
  2.061495184268501E-003
  2.174959148024321E-003
  2.294096309967932E-003
  2.419190330008723E-003
  2.550539051051555E-003
  2.688455208146528E-003
  2.833267173096249E-003
  2.985319736293456E-003
  3.144974927650524E-003
  3.312612878575446E-003
  3.488632727046613E-003
  3.673453567941339E-003
  3.867515450880801E-003
  4.071280427967236E-003
  4.285233653907993E-003
  4.509884541145787E-003
  4.745767972745472E-003
  4.993445575925141E-003
  5.253507059263793E-003
  5.526571616769378E-003
  5.813289402150242E-003
  6.114343076800150E-003
  6.430449435182553E-003
  6.762361111484074E-003
  7.110868371600675E-003
  7.476800994723102E-003
  7.861030249001654E-003
  8.264470965994131E-003
  8.688083718836233E-003
  9.132877109320439E-003
  9.599910169328856E-003
  1.009029488233770E-002
  1.060519883099698E-002
  1.114584797708922E-002
  1.171352958048608E-002
  1.230959526405278E-002
  1.293546423179781E-002
  1.359262664793010E-002
  1.428264718486900E-002
  1.500716874865484E-002
  1.576791639062998E-002
  1.656670141470388E-002
  1.740542568998147E-002
  1.828608617902294E-002
  1.921077969251648E-002
  2.018170788168469E-002
  2.120118248031133E-002
  2.227163080886929E-002
  2.339560155385515E-002
  2.457577083609030E-002
  2.581494858243721E-002
  2.711608521610147E-002
  2.848227868144894E-002
  2.991678182006378E-002
  3.142301011560936E-002
  3.300454982593223E-002
  3.466516652177123E-002
  3.640881405240220E-002
  3.823964395956470E-002
  4.016201536208534E-002
  4.218050533473199E-002
  4.429991980601099E-002
  4.652530500085394E-002
  4.886195945543904E-002
  5.131544663275339E-002
  5.389160816893345E-002
  5.659657778192251E-002
  5.943679587556104E-002
  6.241902487388148E-002
  6.555036532211797E-002
  6.883827279276626E-002
  7.229057563694698E-002
  7.591549362333672E-002
  7.972165750904596E-002
  8.371812958904065E-002
  8.791442527303507E-002
  9.232053574122924E-002
  9.694695173283309E-002
  0.101804688524017     
  0.106905312154760     
  0.112260966967041     
  0.117884404519935     
  0.123789013950474     
  0.129988853852541     
  0.136498685749710     
  0.143334009241738     
  0.150511098908367     
  0.158047043058328     
  0.165959784415787     
  0.174268162841118     
  0.182991960187717     
  0.192151947401645     
  0.201769933976270     
  0.211868819879626     
  0.222472650078149     
  0.233606671786599     
  0.245297394580472     
  0.257572653514038     
  0.270461675394282     
  0.283995148368538     
  0.298205294991508     
  0.313125948945625     
  0.328792635597449     
  0.345242656581864     
  0.362515178615500     
  0.380651326750817     
  0.399694282292900     
  0.419689385612088     
  0.440684244097234     
  0.462728845506639     
  0.485875676986513     
  0.510179850040381     
  0.535699231746942     
  0.562494582538832     
  0.590629700870316     
  0.620171575118374     
  0.651190543078835     
  0.683760459437319     
  0.717958871613728     
  0.753867204398957     
  0.791570953823447     
  0.831159890719162     
  0.872728274459662     
  0.916375077387188     
  0.962204220461090     
   1.01032482068869     
   1.06085145092766     
   1.11390441267859     
   1.16961002251706     
   1.22810091284746     
   1.28951634769437     
   1.35400255428363     
   1.42171307120236     
   1.49280911396702     
   1.56745995886991     
   1.64584334601795     
   1.72814590252339     
   1.81456358685410     
   1.90530215540135     
   2.00057765237596     
   2.10061692419930     
   2.20565815961381     
   2.31595145679904     
   2.43175941884353     
   2.55335777899025     
   2.68103605714431     
   2.81509824920606     
   2.95586355087091     
   3.10366711761900     
   3.25886086270449     
   3.42181429504426     
   3.59291539900101     
   3.77257155815561     
   3.96121052526793     
   4.15928144073587     
   4.36725590197720     
   4.58562908628061     
   4.81492092979918     
   5.05567736549368     
   5.30847162297291     
   5.57390559332610     
   5.85261126219694     
   6.14525221451133     
   6.45252521444144     
   6.77516186436806     
   7.11393034679100     
   7.46963725333510     
   7.84312950520639     
   8.23529636967125     
   8.64707157735936     
   9.07943554543187     
   9.53341771190801     
   10.0100989867080     
   10.5106143252479     
   11.0361554307148     
   11.5879735914551     
   12.1673826602324     
   12.7757621824486     
   13.4145606807755     
   14.0852991040189     
   14.7895744484244     
   15.5290635600501     
   16.3055271272572     
   17.1208138728246     
   17.9768649556703     
   18.8757185926584     
   19.8195149114959     
   20.8105010462752     
   21.8510364877935     
   22.9435987013877     
   24.0907890256616     
   25.2953388661493     
   26.5601161986613     
   27.8881323977989     
   29.2825494068934     
   30.7466872664426     
   32.2840320189693     
   33.8982440091223     
   35.5931665987829     
   37.3728353179266     
   39.2414874730275     
   41.2035722358834     
   43.2637612368821     
   45.4269596879308     
   47.6983180615319     
   50.0832443538130     
   52.5874169607082     
   55.2167981979481     
   57.9776484970501     
   60.8765413111071     
   63.9203787658671     
   67.1164080933650     
   70.4722388872377     
   73.9958612208042     
   77.6956646710489     
   81.5804582938059     
   85.6594915977008     
   89.9424765667903     
   94.4396107843344     
   99.1616017127557     
   104.119692187598     
   109.325687186182     
   114.791981934696     
   120.531591420635     
   126.558181380872     
   132.886100839120     
   139.530416270280     
   146.506947472999     
   153.832305235854     
   161.523930886851     
   169.600137820398     
   178.080155100622     
   186.984173244858     
   196.333392296305     
   206.150072300325     
   216.457586304546     
   227.280476008978     
   238.644510198631     
   250.576746097767     
   263.105593791860     
   276.260883870658     
   290.073938453395     
   304.577645765270     
   319.806538442738     
   335.796875754079     
   352.586729930988     
   370.216076816742     
   388.726891046783     
   408.163245988327     
   428.571418676948     
   450.000000000000     
