   1.00000000000000     
   1.07190000000000     
   1.14380000000000     
   1.21580000000000     
   1.28420000000000     
   1.35270000000000     
   1.42120000000000     
   1.48970000000000     
   1.55820000000000     
   1.62670000000000     
   1.69520000000000     
   1.72170000000000     
   1.74380000000000     
   1.77480000000000     
   1.80140000000000     
   1.82790000000000     
   1.85450000000000     
   1.88100000000000     
   1.90750000000000     
   1.93410000000000     
   1.96060000000000     
   1.96230000000000     
   1.96400000000000     
   1.96580000000000     
   1.96750000000000     
   1.96920000000000     
   1.97090000000000     
   1.97260000000000     
   1.97430000000000     
   1.97600000000000     
   1.97770000000000     
   1.97000000000000     
   1.96230000000000     
   1.95460000000000     
   1.94690000000000     
   1.93920000000000     
   1.93150000000000     
   1.92380000000000     
   1.91610000000000     
   1.90840000000000     
   1.90070000000000     
   1.83540000000000     
   1.77010000000000     
   1.70480000000000     
  0.000000000000000E+000
  0.000000000000000E+000
  0.000000000000000E+000
  0.000000000000000E+000
  0.000000000000000E+000
  0.000000000000000E+000
  0.000000000000000E+000
  0.000000000000000E+000
  0.000000000000000E+000
  0.000000000000000E+000
  0.000000000000000E+000
  0.000000000000000E+000
  0.000000000000000E+000
  0.000000000000000E+000
  0.000000000000000E+000
  0.000000000000000E+000
  0.000000000000000E+000
  0.000000000000000E+000
  0.000000000000000E+000
  0.000000000000000E+000
  0.000000000000000E+000
  0.000000000000000E+000
  0.000000000000000E+000
  0.000000000000000E+000
  0.000000000000000E+000
  0.000000000000000E+000
  0.000000000000000E+000
  0.000000000000000E+000
  0.000000000000000E+000
  0.000000000000000E+000
  0.000000000000000E+000
  0.000000000000000E+000
  0.000000000000000E+000
  0.000000000000000E+000
  0.000000000000000E+000
  0.000000000000000E+000
