  0.000000000000000E+000
  0.000000000000000E+000
  0.000000000000000E+000
  0.000000000000000E+000
  0.000000000000000E+000
  0.000000000000000E+000
  0.000000000000000E+000
  0.000000000000000E+000
  0.000000000000000E+000
  0.000000000000000E+000
  0.000000000000000E+000
  0.000000000000000E+000
  0.000000000000000E+000
  0.000000000000000E+000
  0.000000000000000E+000
  0.000000000000000E+000
  0.000000000000000E+000
  0.000000000000000E+000
  0.000000000000000E+000
  0.000000000000000E+000
  0.000000000000000E+000
  0.000000000000000E+000
  0.000000000000000E+000
  0.000000000000000E+000
  0.000000000000000E+000
  0.000000000000000E+000
  0.000000000000000E+000
  0.000000000000000E+000
  0.000000000000000E+000
  0.000000000000000E+000
  0.000000000000000E+000
  0.000000000000000E+000
  0.000000000000000E+000
  0.000000000000000E+000
  0.000000000000000E+000
  0.000000000000000E+000
  0.000000000000000E+000
  0.000000000000000E+000
  0.000000000000000E+000
  0.000000000000000E+000
  0.000000000000000E+000
  0.000000000000000E+000
  0.000000000000000E+000
  0.000000000000000E+000
   1.41146909090909     
   1.41146909090909     
   1.41146909090909     
   1.41146909090909     
   1.41146909090909     
   1.41146909090909     
   1.41146909090909     
   1.41146909090909     
   1.41146909090909     
   1.41146909090909     
   1.41146909090909     
   1.41146909090909     
   1.41146909090909     
   1.41146909090909     
   1.41146909090909     
   1.41146909090909     
   1.41146909090909     
   1.41146909090909     
   1.41146909090909     
   1.41146909090909     
   1.41146909090909     
   1.41146909090909     
   1.41146909090909     
   1.41146909090909     
   1.41146909090909     
   1.41146909090909     
   1.41146909090909     
   1.41146909090909     
   1.41146909090909     
   1.41146909090909     
   1.41146909090909     
   1.41146909090909     
   1.41146909090909     
   1.41146909090909     
   1.41146909090909     
   1.41146909090909     
