  0.970335815664062     
  7.332512460937505E-003
  5.540941406250009E-005
  4.187109375000011E-007
  3.164062500000011E-009
  2.933004984375002E-002
  0.970502043906250     
  1.466586234375001E-002
  1.662314062500002E-004
  1.674843750000004E-006
  3.324564843750006E-004
  2.199879351562501E-002
  0.970557456484375     
  2.199879351562501E-002
  3.324564843750006E-004
  1.674843750000004E-006
  1.662314062500002E-004
  1.466586234375001E-002
  0.970502043906250     
  2.933004984375002E-002
  3.164062500000011E-009
  4.187109375000011E-007
  5.540941406250009E-005
  7.332512460937505E-003
  0.970335815664062     
