   1.00000000000000     
  0.999230000000000     
  0.999140000000000     
  0.999140000000000     
  0.999120000000000     
  0.999060000000000     
  0.999080000000000     
  0.999060000000000     
  0.999070000000000     
  0.999010000000000     
  0.998990000000000     
  0.998960000000000     
  0.998930000000000     
  0.998900000000000     
  0.998870000000000     
  0.998860000000000     
  0.998780000000000     
  0.998710000000000     
  0.998620000000000     
  0.998530000000000     
  0.998410000000000     
  0.998350000000000     
  0.998190000000000     
  0.998010000000000     
  0.997850000000000     
  0.997570000000000     
  0.997350000000000     
  0.997010000000000     
  0.996760000000000     
  0.996500000000000     
  0.996140000000000     
  0.995810000000000     
  0.995550000000000     
  0.995030000000000     
  0.994710000000000     
  0.994350000000000     
  0.993930000000000     
  0.993430000000000     
  0.992940000000000     
  0.992370000000000     
  0.991900000000000     
  0.991370000000000     
  0.990850000000000     
  0.990000000000000     
  0.988710000000000     
  0.988710000000000     
  0.987210000000000     
  0.986120000000000     
  0.984620000000000     
  0.983760000000000     
  0.982260000000000     
  0.980620000000000     
  0.979080000000000     
  0.976820000000000     
  0.975140000000000     
  0.972500000000000     
  0.969250000000000     
  0.967100000000000     
  0.963300000000000     
  0.959650000000000     
  0.956190000000000     
  0.951150000000000     
  0.946770000000000     
  0.939870000000000     
  0.934450000000000     
  0.927170000000000     
  0.918720000000000     
  0.910060000000000     
  0.900360000000000     
  0.887440000000000     
  0.875390000000000     
  0.859360000000000     
  0.849960000000000     
  0.828890000000000     
  0.814690000000000     
  0.797050000000000     
  0.780810000000000     
  0.761740000000000     
  0.741950000000000     
  0.721550000000000     
  0.000000000000000E+000
